1.000000e-01 1.154957e-03
1.414214e-01 6.416426e-04
1.732051e-01 5.133141e-04
2.000000e-01 5.133141e-04
2.236068e-01 3.849856e-04
2.449490e-01 3.849856e-04
2.645751e-01 3.849856e-04
2.828427e-01 3.849856e-04
3.000000e-01 5.133141e-04
3.162278e-01 3.849856e-04
3.316625e-01 2.566570e-04
3.464102e-01 2.566570e-04
3.605551e-01 2.566570e-04
3.741657e-01 2.566570e-04
3.872983e-01 3.849856e-04
4.000000e-01 3.849856e-04
4.123106e-01 1.283285e-04
4.242641e-01 1.283285e-04
4.358899e-01 2.566570e-04
4.472136e-01 2.566570e-04
4.582576e-01 2.566570e-04
4.690416e-01 2.566570e-04
4.795832e-01 2.566570e-04
4.898979e-01 2.566570e-04
5.000000e-01 2.566570e-04
5.099020e-01 1.283285e-04
5.196152e-01 1.283285e-04
5.291503e-01 2.566570e-04
5.385165e-01 2.566570e-04
5.477226e-01 2.566570e-04
5.567764e-01 2.566570e-04
5.656854e-01 1.283285e-04
5.744563e-01 1.283285e-04
5.830952e-01 1.283285e-04
5.916080e-01 1.283285e-04
6.000000e-01 2.566570e-04
6.082763e-01 1.283285e-04
6.164414e-01 1.283285e-04
6.244998e-01 2.566570e-04
6.324555e-01 2.566570e-04
6.403124e-01 1.283285e-04
6.480741e-01 1.283285e-04
6.557439e-01 1.283285e-04
6.633250e-01 1.283285e-04
6.708204e-01 2.566570e-04
6.782330e-01 1.283285e-04
6.855655e-01 1.283285e-04
6.928203e-01 1.283285e-04
7.000000e-01 1.283285e-04
7.071068e-01 1.283285e-04
7.141428e-01 1.283285e-04
7.211103e-01 1.283285e-04
7.280110e-01 1.283285e-04
7.348469e-01 1.283285e-04
7.416198e-01 0.000000e+00
7.483315e-01 1.283285e-04
7.549834e-01 1.283285e-04
7.615773e-01 1.283285e-04
7.681146e-01 2.566570e-04
7.745967e-01 1.283285e-04
7.810250e-01 1.283285e-04
7.874008e-01 1.283285e-04
7.937254e-01 1.283285e-04
8.000000e-01 1.283285e-04
8.062258e-01 2.566570e-04
8.124038e-01 2.566570e-04
8.185353e-01 1.283285e-04
8.246211e-01 1.283285e-04
8.306624e-01 1.283285e-04
8.366600e-01 1.283285e-04
8.426150e-01 1.283285e-04
8.485281e-01 0.000000e+00
8.544004e-01 1.283285e-04
8.602325e-01 2.566570e-04
8.660254e-01 1.283285e-04
8.717798e-01 1.283285e-04
8.774964e-01 0.000000e+00
8.831761e-01 1.283285e-04
8.888194e-01 1.283285e-04
8.944272e-01 1.283285e-04
9.000000e-01 2.566570e-04
9.055385e-01 1.283285e-04
9.110434e-01 1.283285e-04
9.165151e-01 0.000000e+00
9.219544e-01 1.283285e-04
9.273618e-01 2.566570e-04
9.327379e-01 2.566570e-04
9.380832e-01 1.283285e-04
9.433981e-01 1.283285e-04
9.486833e-01 1.283285e-04
9.539392e-01 0.000000e+00
9.591663e-01 0.000000e+00
9.643651e-01 0.000000e+00
9.695360e-01 1.283285e-04
9.746794e-01 2.566570e-04
9.797959e-01 1.283285e-04
9.848858e-01 1.283285e-04
9.899495e-01 -1.283285e-04
9.949874e-01 0.000000e+00
1.000000e+00 1.283285e-04
1.004988e+00 1.283285e-04
1.009950e+00 1.283285e-04
1.014889e+00 1.283285e-04
1.019804e+00 1.283285e-04
1.024695e+00 1.283285e-04
1.029563e+00 1.283285e-04
1.034408e+00 1.283285e-04
1.039230e+00 1.283285e-04
1.044031e+00 1.283285e-04
1.048809e+00 2.566570e-04
1.053565e+00 1.283285e-04
1.058301e+00 1.283285e-04
1.063015e+00 0.000000e+00
1.067708e+00 1.283285e-04
1.072381e+00 1.283285e-04
1.077033e+00 1.283285e-04
1.081665e+00 2.566570e-04
1.086278e+00 1.283285e-04
1.090871e+00 1.283285e-04
1.095445e+00 0.000000e+00
1.100000e+00 1.283285e-04
1.104536e+00 1.283285e-04
1.109054e+00 1.283285e-04
1.113553e+00 1.283285e-04
1.118034e+00 1.283285e-04
1.122497e+00 1.283285e-04
1.126943e+00 1.283285e-04
1.131371e+00 0.000000e+00
1.135782e+00 0.000000e+00
1.140175e+00 1.283285e-04
1.144552e+00 1.283285e-04
1.148913e+00 2.566570e-04
1.153256e+00 1.283285e-04
1.157584e+00 0.000000e+00
1.161895e+00 0.000000e+00
1.166190e+00 1.283285e-04
1.170470e+00 1.283285e-04
1.174734e+00 1.283285e-04
1.178983e+00 1.283285e-04
1.183216e+00 0.000000e+00
1.187434e+00 1.283285e-04
1.191638e+00 1.283285e-04
1.195826e+00 0.000000e+00
1.200000e+00 1.283285e-04
1.204159e+00 1.283285e-04
1.208305e+00 1.283285e-04
1.212436e+00 1.283285e-04
1.216553e+00 1.283285e-04
1.220656e+00 0.000000e+00
1.224745e+00 1.283285e-04
1.228821e+00 1.283285e-04
1.232883e+00 2.566570e-04
1.236932e+00 1.283285e-04
1.240967e+00 1.283285e-04
1.244990e+00 1.283285e-04
1.249000e+00 1.283285e-04
1.252996e+00 1.283285e-04
1.256981e+00 1.283285e-04
1.260952e+00 1.283285e-04
1.264911e+00 1.283285e-04
1.268858e+00 1.283285e-04
1.272792e+00 1.283285e-04
1.276715e+00 1.283285e-04
1.280625e+00 0.000000e+00
1.284523e+00 0.000000e+00
1.288410e+00 1.283285e-04
1.292285e+00 1.283285e-04
1.296148e+00 2.566570e-04
1.300000e+00 0.000000e+00
1.303840e+00 1.283285e-04
1.307670e+00 0.000000e+00
1.311488e+00 1.283285e-04
1.315295e+00 1.283285e-04
1.319091e+00 1.283285e-04
1.322876e+00 1.283285e-04
1.326650e+00 1.283285e-04
1.330413e+00 0.000000e+00
1.334166e+00 1.283285e-04
1.337909e+00 1.283285e-04
1.341641e+00 1.283285e-04
1.345362e+00 1.283285e-04
1.349074e+00 2.566570e-04
1.352775e+00 1.283285e-04
1.356466e+00 1.283285e-04
1.360147e+00 -1.283285e-04
1.363818e+00 0.000000e+00
1.367479e+00 1.283285e-04
1.371131e+00 2.566570e-04
1.374773e+00 1.283285e-04
1.378405e+00 1.283285e-04
1.382027e+00 0.000000e+00
1.385641e+00 1.283285e-04
1.389244e+00 0.000000e+00
1.392839e+00 1.283285e-04
1.396424e+00 1.283285e-04
1.400000e+00 1.283285e-04
1.403567e+00 1.283285e-04
1.407125e+00 1.283285e-04
1.410674e+00 1.283285e-04
1.414214e+00 0.000000e+00
1.417745e+00 0.000000e+00
1.421267e+00 1.283285e-04
1.424781e+00 1.283285e-04
1.428286e+00 1.283285e-04
1.431782e+00 1.283285e-04
1.435270e+00 1.283285e-04
1.438749e+00 0.000000e+00
1.442221e+00 1.283285e-04
1.445683e+00 1.283285e-04
1.449138e+00 1.283285e-04
1.452584e+00 1.283285e-04
1.456022e+00 1.283285e-04
1.459452e+00 1.283285e-04
1.462874e+00 1.283285e-04
1.466288e+00 0.000000e+00
1.469694e+00 0.000000e+00
1.473092e+00 1.283285e-04
1.476482e+00 1.283285e-04
1.479865e+00 1.283285e-04
1.483240e+00 1.283285e-04
1.486607e+00 0.000000e+00
1.489966e+00 0.000000e+00
1.493318e+00 1.283285e-04
1.496663e+00 1.283285e-04
1.500000e+00 1.283285e-04
1.503330e+00 1.283285e-04
1.506652e+00 1.283285e-04
1.509967e+00 0.000000e+00
1.513275e+00 0.000000e+00
1.516575e+00 0.000000e+00
1.519868e+00 1.283285e-04
1.523155e+00 1.283285e-04
1.526434e+00 1.283285e-04
1.529706e+00 1.283285e-04
1.532971e+00 0.000000e+00
1.536229e+00 -1.283285e-04
1.539480e+00 0.000000e+00
1.542725e+00 1.283285e-04
1.545962e+00 1.283285e-04
1.549193e+00 1.283285e-04
1.552417e+00 1.283285e-04
1.555635e+00 1.283285e-04
1.558846e+00 1.283285e-04
1.562050e+00 1.283285e-04
1.565248e+00 1.283285e-04
1.568439e+00 1.283285e-04
1.571623e+00 1.283285e-04
1.574802e+00 1.283285e-04
1.577973e+00 1.283285e-04
1.581139e+00 1.283285e-04
1.584298e+00 1.283285e-04
1.587451e+00 1.283285e-04
1.590597e+00 1.283285e-04
1.593738e+00 2.566570e-04
1.596872e+00 1.283285e-04
1.600000e+00 1.283285e-04
1.603122e+00 -1.283285e-04
1.606238e+00 1.283285e-04
1.609348e+00 1.283285e-04
1.612452e+00 1.283285e-04
1.615549e+00 1.283285e-04
1.618641e+00 1.283285e-04
1.621727e+00 1.283285e-04
1.624808e+00 0.000000e+00
1.627882e+00 1.283285e-04
1.630951e+00 0.000000e+00
1.634013e+00 1.283285e-04
1.637071e+00 1.283285e-04
1.640122e+00 1.283285e-04
1.643168e+00 1.283285e-04
1.646208e+00 1.283285e-04
1.649242e+00 0.000000e+00
1.652271e+00 0.000000e+00
1.655295e+00 1.283285e-04
1.658312e+00 1.283285e-04
1.661325e+00 1.283285e-04
1.664332e+00 1.283285e-04
1.667333e+00 1.283285e-04
1.670329e+00 0.000000e+00
1.673320e+00 1.283285e-04
1.676305e+00 0.000000e+00
1.679286e+00 1.283285e-04
1.682260e+00 1.283285e-04
1.685230e+00 1.283285e-04
1.688194e+00 1.283285e-04
1.691153e+00 0.000000e+00
1.694107e+00 0.000000e+00
1.697056e+00 1.283285e-04
1.700000e+00 1.283285e-04
1.702939e+00 1.283285e-04
1.705872e+00 1.283285e-04
1.708801e+00 0.000000e+00
1.711724e+00 1.283285e-04
1.714643e+00 0.000000e+00
1.717556e+00 1.283285e-04
1.720465e+00 1.283285e-04
1.723369e+00 1.283285e-04
1.726268e+00 1.283285e-04
1.729162e+00 1.283285e-04
1.732051e+00 1.283285e-04
1.734935e+00 1.283285e-04
1.737815e+00 0.000000e+00
1.740690e+00 0.000000e+00
1.743560e+00 2.566570e-04
1.746425e+00 1.283285e-04
1.749286e+00 1.283285e-04
1.752142e+00 1.283285e-04
1.754993e+00 0.000000e+00
1.757840e+00 0.000000e+00
1.760682e+00 1.283285e-04
1.763519e+00 1.283285e-04
1.766352e+00 1.283285e-04
1.769181e+00 1.283285e-04
1.772005e+00 0.000000e+00
1.774824e+00 0.000000e+00
1.777639e+00 0.000000e+00
1.780449e+00 0.000000e+00
1.783255e+00 1.283285e-04
1.786057e+00 1.283285e-04
1.788854e+00 1.283285e-04
1.791647e+00 1.283285e-04
1.794436e+00 0.000000e+00
1.797220e+00 -1.283285e-04
1.800000e+00 1.283285e-04
1.802776e+00 1.283285e-04
1.805547e+00 1.283285e-04
1.808314e+00 1.283285e-04
1.811077e+00 1.283285e-04
1.813836e+00 0.000000e+00
1.816590e+00 1.283285e-04
1.819341e+00 1.283285e-04
1.822087e+00 1.283285e-04
1.824829e+00 1.283285e-04
1.827567e+00 1.283285e-04
1.830301e+00 1.283285e-04
1.833030e+00 1.283285e-04
